0 10
0 12
0 29
1 5
1 8
1 9
1 14
1 146
2 19
2 100
3 9
3 24
3 33
4 6
4 7
4 15
4 39
5 17
6 12
6 18
6 19
6 28
6 33
7 9
7 33
7 44
7 51
7 166
8 27
8 39
8 88
9 12
9 15
9 35
9 145
10 133
11 16
12 30
12 31
12 37
13 19
13 25
13 27
13 34
13 36
13 104
14 23
14 37
14 101
14 108
14 171
15 23
15 37
15 55
16 22
16 34
16 144
16 198
17 159
18 19
18 20
18 27
18 28
19 31
19 33
19 180
20 26
20 32
20 158
21 24
21 26
21 50
22 46
22 188
23 28
23 41
24 26
24 192
25 31
26 29
26 33
26 166
27 28
27 29
27 30
27 37
27 38
27 96
27 148
28 29
28 38
29 37
29 38
29 175
29 186
30 38
30 119
32 37
33 134
34 38
34 45
35 135
37 39
38 173
40 50
40 74
41 53
41 62
41 65
42 55
42 57
42 61
42 120
43 45
43 52
43 53
43 71
44 48
44 52
44 72
45 57
45 69
46 51
46 57
46 68
46 70
46 77
46 78
47 74
49 59
49 69
49 71
49 75
50 63
50 65
50 66
50 67
50 70
51 54
51 65
51 70
51 78
52 53
52 60
52 79
54 110
55 56
55 57
55 65
55 73
57 78
58 59
58 129
58 133
58 197
59 61
59 70
59 72
59 170
60 66
61 65
61 73
62 72
63 65
63 68
63 77
64 78
65 69
65 74
65 125
67 69
67 75
67 76
68 69
69 153
70 112
71 72
71 74
71 77
72 78
73 93
75 79
75 87
77 79
80 96
80 100
80 157
81 97
81 105
81 180
82 83
82 90
82 93
82 96
82 187
83 96
83 99
83 101
83 102
83 103
83 109
83 111
83 115
84 94
84 107
84 119
84 147
85 104
85 106
85 111
86 97
86 117
86 172
87 88
87 94
87 97
87 113
88 93
89 109
90 114
91 108
91 115
91 118
92 105
92 110
92 116
92 197
93 97
95 100
96 109
96 112
96 113
96 118
96 119
96 186
97 174
98 116
98 195
99 115
99 128
100 102
100 106
101 107
101 114
102 113
102 115
102 159
102 188
103 108
103 131
103 170
104 109
104 111
104 119
105 112
107 116
107 148
108 113
109 119
109 188
110 112
110 118
112 144
112 185
113 160
116 118
118 119
120 127
120 148
120 151
121 147
121 151
121 158
122 132
122 139
122 143
122 151
122 157
123 132
123 148
123 157
123 159
123 187
124 126
124 143
124 155
124 158
125 131
125 141
125 145
125 153
126 132
126 137
127 138
127 154
127 157
127 196
128 136
128 149
129 137
129 139
130 135
130 136
130 141
131 132
131 147
132 180
133 138
134 143
134 148
134 152
134 159
134 164
135 167
136 159
137 144
137 154
137 156
137 158
137 177
138 146
138 155
139 151
139 155
139 158
140 145
141 142
141 144
144 148
144 153
144 154
145 146
145 153
145 154
145 155
145 157
147 150
147 159
148 159
149 151
149 159
150 176
152 153
152 158
153 157
155 157
160 163
160 174
160 180
160 188
160 189
160 191
161 172
161 173
161 194
162 163
162 165
162 166
162 172
162 190
162 198
163 166
163 171
163 172
163 173
163 182
164 177
164 189
164 196
165 167
165 180
165 184
165 195
166 172
166 178
166 188
167 171
167 181
167 187
167 197
168 175
168 176
168 179
168 192
169 171
169 180
169 194
169 197
170 176
170 180
171 175
171 195
172 185
173 175
174 175
174 179
175 179
175 184
175 186
175 187
175 193
176 179
176 199
177 183
177 191
178 182
179 188
180 183
180 186
180 191
181 186
181 188
182 198
183 190
184 187
184 188
185 188
186 193
186 195
188 189
189 192
189 199
190 199
192 198
195 196
196 197
196 198
